,subreddit,title,url,upvote_ratio,ups,downs,score
0,worldnews,"UK Says Musk’s ""Civil War Is Inevitable"" Post Is Unjustified",https://www.bloomberg.com/news/articles/2024-08-05/uk-says-musk-s-civil-war-is-inevitable-post-is-unjustified,0.88,22829,0,22829
1,worldnews,"Iran has decided to attack Israel, Foreign Minister Katz says",https://www.jpost.com/breaking-news/article-813400,0.92,11496,0,11496
2,worldnews,Bangladesh prime minister resigns after deadly protests - reports,https://news.sky.com/story/bangladesh-prime-minister-resigns-after-deadly-protests-reports-13191184,0.96,9981,0,9981
3,worldnews,"Japan stocks dive 4,451 points, more than Black Monday in 1987",https://asia.nikkei.com/Business/Markets/Equities/Japan-stocks-dive-4-451-points-more-than-Black-Monday-in-1987,0.98,9404,0,9404
4,worldnews,Ukraine finally sends F-16s into the battle against Russia,https://www.nbclosangeles.com/news/national-international/ukraine-finally-sends-f-16s-into-the-battle-against-russia-but-they-might-not-be-a-game-changer/3478797/,0.97,6401,0,6401
5,worldnews,"Nine UNRWA staff may have been involved in Oct. 7 attack on Israel, says U.N.",https://www.reuters.com/world/middle-east/nine-unrwa-staff-may-have-been-involved-oct-7-attack-israel-says-un-2024-08-05/,0.87,4739,0,4739
6,worldnews,IDF prepares for 'infiltration' ground assault on Israel,https://www.telegraph.co.uk/world-news/2024/08/05/idf-prepare-for-infiltration-ground-assault-israel/,0.93,4362,0,4362
7,worldnews,"US personnel hurt in attack against base in Iraq, officials say",https://www.reuters.com/world/middle-east/us-personnel-hurt-attack-against-base-iraq-officials-say-2024-08-05/,0.96,4233,0,4233
8,worldnews,"US said to believe Iran attack on Israel imminent, Biden to hold situation room meeting",https://www.timesofisrael.com/us-said-to-believe-iran-attack-on-israel-imminent-biden-to-hold-situation-room-meeting/,0.95,3961,0,3961
9,worldnews,"Rockets fired at Iraq's Ain al-Asad airbase housing US forces, security sources say",https://m.jpost.com/breaking-news/article-813422,0.96,2665,0,2665
10,worldnews,"Biden briefed that Iran attack timing and details still unclear, U.S. officials say",https://www.axios.com/2024/08/06/iran-attack-israel-biden-briefed-details,0.96,2595,0,2595
11,worldnews,UN fires 9 staffers over possible roles in Hamas’s Oct. 7 attack,https://thehill.com/policy/international/4811962-un-fires-staff-hamas-attack/,0.93,2558,0,2558
12,worldnews,IAF eliminates senior Hezbollah's Radwan force commander in Lebanon,https://www.jpost.com/breaking-news/article-813450,0.94,2372,0,2372
13,worldnews,"'Genocide of Hindus': Bangladeshi Islamists attack minority population, burn houses, kidnap women as the country descends into unholy madness",https://www.businesstoday.in/world/story/genocide-of-hindus-bangladeshi-islamists-attack-minority-population-burn-houses-kidnap-women-as-the-country-descends-into-unholy-madness-440252-2024-08-06,0.9,2146,0,2146
14,worldnews,North Korean leader unveils 250 launchers designed to fire low-yield nuclear weapons,https://www.stripes.com/theaters/asia_pacific/2024-08-05/north-korea-frontline-missile-launchers-14744457.html,0.94,2066,0,2066
15,worldnews,Vietnam: Billionaire tycoon gets 21-year sentence for fraud,https://www.dw.com/en/vietnam-billionaire-tycoon-gets-21-year-sentence-for-fraud/a-69860013,0.97,1514,0,1514
16,worldnews,"Jordan, Saudi FMs tell Iran it must stay out of air space if it attacks Israel - report",https://m.jpost.com/breaking-news/article-813418,0.95,1152,0,1152
17,worldnews,Arms export licences to Israel suspended by UK government,https://www.thejc.com/news/uk/arms-export-licences-to-israel-suspended-by-uk-government-h17rhdf2,0.84,808,0,808
18,worldnews,"/r/WorldNews Live Thread: Russian Invasion of Ukraine Day 893, Part 1 (Thread #1040)",https://www.reddit.com/live/18hnzysb1elcs,0.96,801,0,801
19,worldnews,US passes message to Iran not to escalate at 'critical moment' for Middle East,https://www.reuters.com/world/middle-east/us-urged-countries-pass-messages-iran-against-escalation-state-dept-says-2024-08-05/,0.93,572,0,572
20,worldnews,"Google's online search monopoly is illegal, US judge rules",https://www.bbc.com/news/articles/c0k44x6mge3o,0.96,521,0,521
21,worldnews,Russia is one of the countries spying in Ireland - gardaí,https://www.rte.ie/news/2024/0804/1463319-russia-is-one-of-the-countries-spying-in-ireland-gardai/,0.96,498,0,498
22,worldnews,EU Joins Refusals to Recognize Maduro as Venezuela Vote Winner,https://www.kyivpost.com/post/36897,0.96,350,0,350
23,worldnews,UN fires additional staffers after probe finds potential involvement in Oct. 7 attack on Israel,https://abcnews.go.com/International/wireStory/fires-unrwa-staffers-after-probe-found-involved-oct-112586323,0.95,224,0,224
24,worldnews,Russia asked US to convince Ukraine not to attack it on Russia's Navy Day,https://www.pravda.com.ua/eng/news/2024/08/5/7469078/,0.91,177,0,177
25,worldnews,/r/WorldNews Live Thread for Israel-Hamas War (Thread #61),https://www.reddit.com/live/1bsso361afr0r,0.83,175,0,175
26,worldnews,Iran asks Russia for advanced defense systems - report,https://m.jpost.com/breaking-news/article-813460,0.84,74,0,74
